Az Dist Depth SEL
90	200	40	177.367
90	400	40	173.079
90	600	40	168.543
90	800	40	164.953
90	1000	40	161.248
90	1200	40	158.689
90	1400	40	157.601
90	1600	40	156.631
90	1800	40	155.327
90	2000	40	153.144
90	2200	40	153.553
90	2400	40	152.23
90	2600	40	151.133
90	2800	40	152.033
90	3000	40	151.126
90	3200	40	149.684
90	3400	40	149.603
90	3600	40	152.059
90	3800	40	152.028
90	4000	40	152.94
90	4200	40	153.256
90	4400	40	150.595
90	4600	40	150.608
90	4800	40	153.993
90	5000	40	154.747
90	5200	40	153.393
90	5400	40	151.469
90	5600	40	153.396
90	5800	40	152.117
90	6000	40	149.79
90	6200	40	152.39
90	6400	40	152.722
90	6600	40	153.538
90	6800	40	153.787
90	7000	40	153.352
90	7200	40	153.467
90	7400	40	152.217
90	7600	40	151.505
90	7800	40	149.081
90	8000	40	153.078
90	8200	40	152.754
90	8400	40	153.598
90	8600	40	154.91
90	8800	40	150.69
90	9000	40	145.237
90	9200	40	148.696
90	9400	40	152.297
90	9600	40	152.138
90	9800	40	154.37
90	10000	40	152.802
90	10200	40	150.338
90	10400	40	151.482
90	10600	40	148.885
90	10800	40	148.722
90	11000	40	149.205
90	11200	40	152.925
90	11400	40	150.186
90	11600	40	153.173
90	11800	40	151.622
90	12000	40	151.329
90	12200	40	148.81
90	12400	40	148.872
90	12600	40	150.273
90	12800	40	149.675
90	13000	40	146.646
90	13200	40	144.673
90	13400	40	146.845
90	13600	40	149.671
90	13800	40	151.751
90	14000	40	150.903
90	14200	40	150.065
90	14400	40	150.154
90	14600	40	144.829
90	14800	40	149.333
90	15000	40	151.302
90	15200	40	147.746
90	15400	40	148.41
90	15600	40	146.07
90	15800	40	145.211
90	16000	40	148.078
90	16200	40	149.043
90	16400	40	149.388
90	16600	40	149.514
90	16800	40	149.97
90	17000	40	148.227
90	17200	40	150.784
90	17400	40	148.552
90	17600	40	149.121
90	17800	40	144.532
90	18000	40	144.777
90	18200	40	144.649
90	18400	40	147.239
90	18600	40	146.174
90	18800	40	142.646
90	19000	40	146.529
90	19200	40	143.17
90	19400	40	151.264
90	19600	40	150.317
90	19800	40	147.062
90	20000	40	147.346
90	20200	40	150.046
90	20400	40	147.088
90	20600	40	147.871
90	20800	40	147.183
90	21000	40	148.444
90	21200	40	147.2
90	21400	40	148.02
90	21600	40	145.035
90	21800	40	145.236
90	22000	40	146.725
90	22200	40	147.174
90	22400	40	148.102
90	22600	40	144.929
90	22800	40	143.387
90	23000	40	147.44
90	23200	40	145.203
90	23400	40	147.272
90	23600	40	150.084
90	23800	40	142.394
90	24000	40	147.464
90	24200	40	145.62
90	24400	40	144.362
90	24600	40	146.875
90	24800	40	148.86
90	25000	40	145.525
90	25200	40	145.746
90	25400	40	147.969
90	25600	40	148.318
90	25800	40	146.938
90	26000	40	145.842
90	26200	40	144.018
90	26400	40	146.266
90	26600	40	145.505
90	26800	40	143.443
90	27000	40	140.479
90	27200	40	145.733
90	27400	40	145.583
90	27600	40	141.92
90	27800	40	145.567
90	28000	40	145.769
90	28200	40	144.27
90	28400	40	145.582
90	28600	40	147.554
90	28800	40	144.705
90	29000	40	149.27
90	29200	40	145.389
90	29400	40	145.75
90	29600	40	146.978
90	29800	40	145.137
90	30000	40	142.597
90	30200	40	145.436
90	30400	40	141.647
90	30600	40	143.959
90	30800	40	143.223
90	31000	40	140.808
90	31200	40	143.282
90	31400	40	146.474
90	31600	40	142.162
90	31800	40	141.903
90	32000	40	146.693
90	32200	40	142.126
90	32400	40	144.76
90	32600	40	146.946
90	32800	40	142.167
90	33000	40	148.587
90	33200	40	142.062
90	33400	40	146.451
90	33600	40	147.205
90	33800	40	142.536
90	34000	40	148.375
90	34200	40	142.697
90	34400	40	144.406
90	34600	40	145.59
90	34800	40	142.261
90	35000	40	148.191
90	35200	40	143.478
90	35400	40	143.705
90	35600	40	141.406
90	35800	40	146.091
90	36000	40	145.818
90	36200	40	141.875
90	36400	40	142.639
90	36600	40	140.455
90	36800	40	143.435
90	37000	40	141.309
90	37200	40	142.029
90	37400	40	145.419
90	37600	40	141.396
90	37800	40	140.817
90	38000	40	138.748
90	38200	40	142.207
90	38400	40	144.365
90	38600	40	146.246
90	38800	40	144.74
90	39000	40	141.762
90	39200	40	140.388
90	39400	40	144.253
90	39600	40	144.051
90	39800	40	145.339
90	40000	40	141.291
90	40200	40	140.002
90	40400	40	142.382
90	40600	40	143.393
90	40800	40	143.474
90	41000	40	144.011
90	41200	40	143.286
90	41400	40	147.474
90	41600	40	141.508
90	41800	40	144.863
90	42000	40	145.262
90	42200	40	140.032
90	42400	40	141.709
90	42600	40	141.621
90	42800	40	144.011
90	43000	40	144.179
90	43200	40	140.241
90	43400	40	141.881
90	43600	40	141.764
90	43800	40	145.179
90	44000	40	144.479
90	44200	40	138.418
90	44400	40	141.389
90	44600	40	140.447
90	44800	40	142.858
90	45000	40	142.841
90	45200	40	141.118
90	45400	40	142.847
90	45600	40	141.36
90	45800	40	141.713
90	46000	40	140.812
90	46200	40	140.307
90	46400	40	143.373
90	46600	40	142.476
90	46800	40	139.229
90	47000	40	144.964
90	47200	40	144.371
90	47400	40	141.92
90	47600	40	141.528
90	47800	40	140.969
90	48000	40	143.258
90	48200	40	142.69
90	48400	40	144.14
90	48600	40	143.166
90	48800	40	138.074
90	49000	40	141.444
90	49200	40	143.77
90	49400	40	140.848
90	49600	40	142.214
90	49800	40	142.698
90	50000	40	143.698
90	50200	40	142.792
90	50400	40	144.129
90	50600	40	142.313
90	50800	40	143.039
90	51000	40	141.928
90	51200	40	142.937
90	51400	40	144.847
90	51600	40	144.513
90	51800	40	142.782
90	52000	40	141.936
90	52200	40	142.81
90	52400	40	142.217
90	52600	40	141.845
90	52800	40	140.723
90	53000	40	140.218
90	53200	40	140.8
90	53400	40	139.076
90	53600	40	141.612
90	53800	40	138.322
90	54000	40	140.54
90	54200	40	140.915
90	54400	40	138.876
90	54600	40	143.893
90	54800	40	142.131
90	55000	40	141.256
90	55200	40	137.999
90	55400	40	141.263
90	55600	40	142.335
90	55800	40	141.638
90	56000	40	141.419
90	56200	40	140.136
90	56400	40	138.391
90	56600	40	145.827
90	56800	40	140.375
90	57000	40	140.282
90	57200	40	141.21
90	57400	40	144.48
90	57600	40	140.104
90	57800	40	144.322
90	58000	40	146.649
90	58200	40	139.065
90	58400	40	141.915
90	58600	40	138.333
90	58800	40	143.055
90	59000	40	142.285
90	59200	40	141.304
90	59400	40	144.311
90	59600	40	140.468
90	59800	40	139.783
90	60000	40	142.938
90	60200	40	140.054
90	60400	40	143.095
90	60600	40	141.808
90	60800	40	138.442
90	61000	40	140.712
90	61200	40	140.826
90	61400	40	138.45
90	61600	40	137.281
90	61800	40	139.125
90	62000	40	138.653
90	62200	40	138.398
90	62400	40	140.737
90	62600	40	141.231
90	62800	40	139.888
90	63000	40	140.532
90	63200	40	140.926
90	63400	40	143.427
90	63600	40	141.249
90	63800	40	135.244
90	64000	40	140.344
90	64200	40	140.743
90	64400	40	138.777
90	64600	40	135.921
90	64800	40	142.133
90	65000	40	143.796
90	65200	40	134.657
90	65400	40	139.314
90	65600	40	143.888
90	65800	40	141.975
90	66000	40	142.313
90	66200	40	140.186
90	66400	40	140.779
90	66600	40	139.917
90	66800	40	143.716
90	67000	40	141.067
90	67200	40	138.165
90	67400	40	137.627
90	67600	40	139.499
90	67800	40	137.706
90	68000	40	140.569
90	68200	40	141.909
90	68400	40	139.123
90	68600	40	137.734
90	68800	40	140.953
90	69000	40	140.866
90	69200	40	140.809
90	69400	40	138.906
90	69600	40	138.636
90	69800	40	140.107
90	70000	40	142.774
90	70200	40	141.034
90	70400	40	136.495
90	70600	40	141.519
90	70800	40	142.127
90	71000	40	138.169
90	71200	40	138.096
90	71400	40	137.991
90	71600	40	140.249
90	71800	40	138.501
90	72000	40	143.009
90	72200	40	136.759
90	72400	40	140.054
90	72600	40	138.909
90	72800	40	143.79
90	73000	40	138.473
90	73200	40	142.731
90	73400	40	135.268
90	73600	40	142.86
90	73800	40	140.142
90	74000	40	138.933
90	74200	40	141.694
90	74400	40	138.001
90	74600	40	140.051
90	74800	40	141.76
90	75000	40	137.958
90	75200	40	136.813
90	75400	40	138.722
90	75600	40	137.884
90	75800	40	138.92
90	76000	40	140.267
90	76200	40	140.291
90	76400	40	138.391
90	76600	40	136.031
90	76800	40	139.803
90	77000	40	140.094
90	77200	40	140.621
90	77400	40	139.936
90	77600	40	135.838
90	77800	40	138.867
90	78000	40	139.407
90	78200	40	141.089
90	78400	40	137.217
90	78600	40	142.889
90	78800	40	138.467
90	79000	40	143.374
90	79200	40	137.16
90	79400	40	139.37
90	79600	40	139.991
90	79800	40	135.429
90	80000	40	138.474
90	80200	40	142.323
90	80400	40	134.107
90	80600	40	138.963
90	80800	40	136.407
90	81000	40	139.226
90	81200	40	136.768
90	81400	40	141.638
90	81600	40	138.175
90	81800	40	137.899
90	82000	40	137.509
90	82200	40	139.1
90	82400	40	142.73
90	82600	40	139.972
90	82800	40	141.483
90	83000	40	139.678
90	83200	40	137.768
90	83400	40	138.821
90	83600	40	134.895
90	83800	40	138.517
90	84000	40	138.856
90	84200	40	139.269
90	84400	40	139.465
90	84600	40	137.562
90	84800	40	138.633
90	85000	40	137.15
90	85200	40	139.405
90	85400	40	137.993
90	85600	40	135.943
90	85800	40	138.953
90	86000	40	141.667
90	86200	40	136.432
90	86400	40	138.159
90	86600	40	136.985
90	86800	40	137.67
90	87000	40	139.576
90	87200	40	136.548
90	87400	40	138.546
90	87600	40	140.793
90	87800	40	137.691
90	88000	40	140.213
90	88200	40	136.243
90	88400	40	138.948
90	88600	40	135.791
90	88800	40	139.064
90	89000	40	144.23
90	89200	40	140.135
90	89400	40	138.644
90	89600	40	135.528
90	89800	40	139.664
90	90000	40	140.993
90	90200	40	139.933
90	90400	40	140.533
90	90600	40	135.595
90	90800	40	137.26
90	91000	40	142.008
90	91200	40	134.427
90	91400	40	141.179
90	91600	40	137.172
90	91800	40	140.287
90	92000	40	139.545
90	92200	40	140.476
90	92400	40	137.328
90	92600	40	141.443
90	92800	40	136.857
90	93000	40	140.407
90	93200	40	138.82
90	93400	40	141.24
90	93600	40	137.804
90	93800	40	139.257
90	94000	40	139.554
90	94200	40	140.875
90	94400	40	137.93
90	94600	40	140.486
90	94800	40	135.63
90	95000	40	137.947
90	95200	40	138.451
90	95400	40	138
90	95600	40	140.609
90	95800	40	136.972
90	96000	40	136.703
90	96200	40	134.711
90	96400	40	137.589
90	96600	40	136.737
90	96800	40	139.442
90	97000	40	135.413
90	97200	40	138.475
90	97400	40	134.758
90	97600	40	137.406
90	97800	40	137.564
90	98000	40	141.641
90	98200	40	134.225
90	98400	40	138.854
90	98600	40	140.823
90	98800	40	137.012
90	99000	40	138.924
90	99200	40	133.627
90	99400	40	139.382
90	99600	40	136.517
90	99800	40	134.055
90	100000	40	139.042
90	100200	40	136.262
90	100400	40	140.407
90	100600	40	135.436
90	100800	40	134.504
90	101000	40	142.207
90	101200	40	133.161
90	101400	40	133.872
90	101600	40	140.01
90	101800	40	132.251
90	102000	40	139.317
90	102200	40	136.083
90	102400	40	135.182
90	102600	40	137.773
90	102800	40	136.895
90	103000	40	138.571
90	103200	40	137.577
90	103400	40	136.397
90	103600	40	139.285
90	103800	40	134.879
90	104000	40	134.461
90	104200	40	140.581
90	104400	40	136.703
90	104600	40	136.569
90	104800	40	139.792
90	105000	40	134.51
90	105200	40	137.844
90	105400	40	139.159
90	105600	40	138.905
90	105800	40	138.186
90	106000	40	136.357
90	106200	40	140.178
90	106400	40	139.538
90	106600	40	137.213
90	106800	40	137.099
90	107000	40	138.204
90	107200	40	135.123
90	107400	40	133.531
90	107600	40	140.239
90	107800	40	139.415
90	108000	40	135.496
90	108200	40	138.288
90	108400	40	138.991
90	108600	40	135.81
90	108800	40	134.52
90	109000	40	134.622
90	109200	40	134.513
90	109400	40	142.371
90	109600	40	134.705
90	109800	40	136.591
90	110000	40	137.299
90	110200	40	136.238
90	110400	40	133.597
90	110600	40	134.949
90	110800	40	140.153
90	111000	40	135.556
90	111200	40	137.427
90	111400	40	132.644
90	111600	40	136.688
90	111800	40	139.095
90	112000	40	140.116
90	112200	40	137.405
90	112400	40	140.526
90	112600	40	138.984
90	112800	40	135.36
90	113000	40	136.552
90	113200	40	138.888
90	113400	40	135.88
90	113600	40	142.268
90	113800	40	136.118
90	114000	40	131.484
90	114200	40	134.867
90	114400	40	137.339
90	114600	40	136.666
90	114800	40	137.932
90	115000	40	140.826
90	115200	40	136.513
90	115400	40	131.216
90	115600	40	137.287
90	115800	40	139.474
90	116000	40	135.582
90	116200	40	133.045
90	116400	40	136.03
90	116600	40	140.94
90	116800	40	134.777
90	117000	40	134.033
90	117200	40	137.57
90	117400	40	136.507
90	117600	40	130.06
90	117800	40	138.056
90	118000	40	136.808
90	118200	40	134.579
90	118400	40	139.405
90	118600	40	134.74
90	118800	40	137.799
90	119000	40	136.07
90	119200	40	136.243
90	119400	40	133.768
90	119600	40	137.808
90	119800	40	133.313
90	120000	40	135.529
