Az Dist Depth SEL
90           200      40       177.42              
90           400      40       173.009             
90           600      40       168.14              
90           800      40       164.209             
90           1000     40       161.087             
90           1200     40       158.791             
90           1400     40       157.078             
90           1600     40       154.757             
90           1800     40       153.95              
90           2000     40       151.975             
90           2200     40       151.144             
90           2400     40       151.159             
90           2600     40       150.816             
90           2800     40       149.334             
90           3000     40       148.38              
90           3200     40       147.567             
90           3400     40       147.099             
90           3600     40       145.861             
90           3800     40       144.534             
90           4000     40       144.603             
90           4200     40       145.489             
90           4400     40       146.809             
90           4600     40       144.57              
90           4800     40       144.202             
90           5000     40       145.323             
90           5200     40       144.516             
90           5400     40       142.509             
90           5600     40       142.776             
90           5800     40       143.287             
90           6000     40       142.259             
90           6200     40       140.014             
90           6400     40       141.123             
90           6600     40       143.621             
90           6800     40       143.876             
90           7000     40       143.16              
90           7200     40       142.278             
90           7400     40       143.474             
90           7600     40       140.909             
90           7800     40       142.043             
90           8000     40       143.397             
90           8200     40       142.168             
90           8400     40       139.521             
90           8600     40       142.511             
90           8800     40       144.725             
90           9000     40       145.205             
90           9200     40       144.346             
90           9400     40       144.925             
90           9600     40       144.053             
90           9800     40       145.057             
90           10000    40       145.176             
90           10200    40       145.787             
90           10400    40       145.62              
90           10600    40       145.398             
90           10800    40       144.789             
90           11000    40       143.776             
90           11200    40       141.621             
90           11400    40       141.732             
90           11600    40       142.207             
90           11800    40       142.202             
90           12000    40       144.897             
90           12200    40       146.125             
90           12400    40       146.665             
90           12600    40       145.701             
90           12800    40       145.715             
90           13000    40       144.654             
90           13200    40       143.482             
90           13400    40       143.266             
90           13600    40       144.074             
90           13800    40       145.479             
90           14000    40       146.738             
90           14200    40       145.36              
90           14400    40       145.748             
90           14600    40       144.277             
90           14800    40       143.62              
90           15000    40       143.277             
90           15200    40       142.102             
90           15400    40       143.142             
90           15600    40       143.804             
90           15800    40       142.332             
90           16000    40       144.405             
90           16200    40       145.312             
90           16400    40       145.66              
90           16600    40       146.06              
90           16800    40       145.418             
90           17000    40       143.835             
90           17200    40       145.525             
90           17400    40       145.691             
90           17600    40       145.798             
90           17800    40       144.87              
90           18000    40       145.456             
90           18200    40       145.709             
90           18400    40       142.936             
90           18600    40       143.195             
90           18800    40       142.615             
90           19000    40       140.639             
90           19200    40       140.348             
90           19400    40       140.957             
90           19600    40       143.694             
90           19800    40       144.207             
90           20000    40       145.252             
90           20200    40       145.257             
90           20400    40       146.134             
90           20600    40       146.516             
90           20800    40       146.909             
90           21000    40       147.654             
90           21200    40       147.565             
90           21400    40       145.52              
90           21600    40       144.064             
90           21800    40       142.041             
90           22000    40       140.313             
90           22200    40       138.821             
90           22400    40       138.622             
90           22600    40       138.65              
90           22800    40       141.488             
90           23000    40       141.477             
90           23200    40       144.608             
90           23400    40       144.308             
90           23600    40       144.845             
90           23800    40       145.907             
90           24000    40       144.577             
90           24200    40       145.473             
90           24400    40       144.459             
90           24600    40       145.513             
90           24800    40       145.647             
90           25000    40       143.278             
90           25200    40       145.28              
90           25400    40       141.582             
90           25600    40       142.338             
90           25800    40       141.4               
90           26000    40       138.527             
90           26200    40       143.457             
90           26400    40       143.38              
90           26600    40       141.93              
90           26800    40       141.823             
90           27000    40       143.53              
90           27200    40       143.419             
90           27400    40       141.407             
90           27600    40       143.943             
90           27800    40       141.927             
90           28000    40       145.161             
90           28200    40       142.628             
90           28400    40       146.205             
90           28600    40       141                 
90           28800    40       143.035             
90           29000    40       137.723             
90           29200    40       138.66              
90           29400    40       138.171             
90           29600    40       140.876             
90           29800    40       138.751             
90           30000    40       141.456             
90           30200    40       139.79              
90           30400    40       140.782             
90           30600    40       142.392             
90           30800    40       139.652             
90           31000    40       139.094             
90           31200    40       142.459             
90           31400    40       143.766             
90           31600    40       141.125             
90           31800    40       141.492             
90           32000    40       138.083             
90           32200    40       140.734             
90           32400    40       143.813             
90           32600    40       144.913             
90           32800    40       142.296             
90           33000    40       142.97              
90           33200    40       142.8               
90           33400    40       143.527             
90           33600    40       141.483             
90           33800    40       139.508             
90           34000    40       140.649             
90           34200    40       141.01              
90           34400    40       140.617             
90           34600    40       136.509             
90           34800    40       139.762             
90           35000    40       140.182             
90           35200    40       141.905             
90           35400    40       138.892             
90           35600    40       141.128             
90           35800    40       141.989             
90           36000    40       139.553             
90           36200    40       141.673             
90           36400    40       139.625             
90           36600    40       141.875             
90           36800    40       144.565             
90           37000    40       139.756             
90           37200    40       139.362             
90           37400    40       139.119             
90           37600    40       139.26              
90           37800    40       140.815             
90           38000    40       138.451             
90           38200    40       138.755             
90           38400    40       135.162             
90           38600    40       139.688             
90           38800    40       135.692             
90           39000    40       138.258             
90           39200    40       136.271             
90           39400    40       140.679             
90           39600    40       138.972             
90           39800    40       139.656             
90           40000    40       138.786             
90           40200    40       141.479             
90           40400    40       140.77              
90           40600    40       142.54              
90           40800    40       141.053             
90           41000    40       138.995             
90           41200    40       142.095             
90           41400    40       138.403             
90           41600    40       142.257             
90           41800    40       138.237             
90           42000    40       143.159             
90           42200    40       142.301             
90           42400    40       142.938             
90           42600    40       142.496             
90           42800    40       140.131             
90           43000    40       135.203             
90           43200    40       136.677             
90           43400    40       134.874             
90           43600    40       140.214             
90           43800    40       136.818             
90           44000    40       137.815             
90           44200    40       135.187             
90           44400    40       136.385             
90           44600    40       134.66              
90           44800    40       136.257             
90           45000    40       137.091             
90           45200    40       136.166             
90           45400    40       134.026             
90           45600    40       137.376             
90           45800    40       134.767             
90           46000    40       135.521             
90           46200    40       133.533             
90           46400    40       139.123             
90           46600    40       141.29              
90           46800    40       138.372             
90           47000    40       142.009             
90           47200    40       141.654             
90           47400    40       142.79              
90           47600    40       139.379             
90           47800    40       142.375             
90           48000    40       140.143             
90           48200    40       139.567             
90           48400    40       140.137             
90           48600    40       141.602             
90           48800    40       140.082             
90           49000    40       142.365             
90           49200    40       139.598             
90           49400    40       138.289             
90           49600    40       139.679             
90           49800    40       142.686             
90           50000    40       136.867             
90           50200    40       137.024             
90           50400    40       140.38              
90           50600    40       139.617             
90           50800    40       141.345             
90           51000    40       134.479             
90           51200    40       140.885             
90           51400    40       138.032             
90           51600    40       140.433             
90           51800    40       139.381             
90           52000    40       138.909             
90           52200    40       139.506             
90           52400    40       138.538             
90           52600    40       142.586             
90           52800    40       137.664             
90           53000    40       138.79              
90           53200    40       138.925             
90           53400    40       140.49              
90           53600    40       139.362             
90           53800    40       137.721             
90           54000    40       141.056             
90           54200    40       139.655             
90           54400    40       135.211             
90           54600    40       142.19              
90           54800    40       139.284             
90           55000    40       134.892             
90           55200    40       137.73              
90           55400    40       141.945             
90           55600    40       136.879             
90           55800    40       141.015             
90           56000    40       137.977             
90           56200    40       139.068             
90           56400    40       139.028             
90           56600    40       139.071             
90           56800    40       137.366             
90           57000    40       138.719             
90           57200    40       134.104             
90           57400    40       137.224             
90           57600    40       136.029             
90           57800    40       136.584             
90           58000    40       140.297             
90           58200    40       136.017             
90           58400    40       138.585             
90           58600    40       135.839             
90           58800    40       136.686             
90           59000    40       138.376             
90           59200    40       135.022             
90           59400    40       138.247             
90           59600    40       137.107             
90           59800    40       138.82              
90           60000    40       138.306             
90           60200    40       140.054             
90           60400    40       139.064             
90           60600    40       132.413             
90           60800    40       144.226             
90           61000    40       132.857             
90           61200    40       140.023             
90           61400    40       141.056             
90           61600    40       139.785             
90           61800    40       141.415             
90           62000    40       132.663             
90           62200    40       138.714             
90           62400    40       141.498             
90           62600    40       133.369             
90           62800    40       140.648             
90           63000    40       136.792             
90           63200    40       139.768             
90           63400    40       139.51              
90           63600    40       142.38              
90           63800    40       136.242             
90           64000    40       138.332             
90           64200    40       138.049             
90           64400    40       140.587             
90           64600    40       137.6               
90           64800    40       141.435             
90           65000    40       137.781             
90           65200    40       135.891             
90           65400    40       140.855             
90           65600    40       130.705             
90           65800    40       136.768             
90           66000    40       134.287             
90           66200    40       136.866             
90           66400    40       137.898             
90           66600    40       134.003             
90           66800    40       133.754             
90           67000    40       137.41              
90           67200    40       137.759             
90           67400    40       134.481             
90           67600    40       136.411             
90           67800    40       137.707             
90           68000    40       138.674             
90           68200    40       134.28              
90           68400    40       134.438             
90           68600    40       139.243             
90           68800    40       136.133             
90           69000    40       137.329             
90           69200    40       140.181             
90           69400    40       136.01              
90           69600    40       135.815             
90           69800    40       141.939             
90           70000    40       134.342             
90           70200    40       142.07              
90           70400    40       136.294             
90           70600    40       140.269             
90           70800    40       137.189             
90           71000    40       137.315             
90           71200    40       141.855             
90           71400    40       135.553             
90           71600    40       141.395             
90           71800    40       136.502             
90           72000    40       139.959             
90           72200    40       136.609             
90           72400    40       138.921             
90           72600    40       135.577             
90           72800    40       136.314             
90           73000    40       138.182             
90           73200    40       138.474             
90           73400    40       139.586             
90           73600    40       139.247             
90           73800    40       139.698             
90           74000    40       136.36              
90           74200    40       137.185             
90           74400    40       131.39              
90           74600    40       138.351             
90           74800    40       134.813             
90           75000    40       137.619             
90           75200    40       134.696             
90           75400    40       137.767             
90           75600    40       136.541             
90           75800    40       132.902             
90           76000    40       136.46              
90           76200    40       135.08              
90           76400    40       135.891             
90           76600    40       137.292             
90           76800    40       133.449             
90           77000    40       135.894             
90           77200    40       135.565             
90           77400    40       130.233             
90           77600    40       137.776             
90           77800    40       134.897             
90           78000    40       134.356             
90           78200    40       137.129             
90           78400    40       135.77              
90           78600    40       135.918             
90           78800    40       135.525             
90           79000    40       136.996             
90           79200    40       139.359             
90           79400    40       134.073             
90           79600    40       139.251             
90           79800    40       136.244             
90           80000    40       138.478             
90           80200    40       135.499             
90           80400    40       138.823             
90           80600    40       136.694             
90           80800    40       138.05              
90           81000    40       137.635             
90           81200    40       137.366             
90           81400    40       140.155             
90           81600    40       135.089             
90           81800    40       138.187             
90           82000    40       134.724             
90           82200    40       141.603             
90           82400    40       137.107             
90           82600    40       138.899             
90           82800    40       138.96              
90           83000    40       137.7               
90           83200    40       137.286             
90           83400    40       134.075             
90           83600    40       139.242             
90           83800    40       133.498             
90           84000    40       132.255             
90           84200    40       135.776             
90           84400    40       138.177             
90           84600    40       131.372             
90           84800    40       139.26              
90           85000    40       138.179             
90           85200    40       136.248             
90           85400    40       134.46              
90           85600    40       137.524             
90           85800    40       136.183             
90           86000    40       132.121             
90           86200    40       138.207             
90           86400    40       131.038             
90           86600    40       134.809             
90           86800    40       134.02              
90           87000    40       136.47              
90           87200    40       136.534             
90           87400    40       136.359             
90           87600    40       133.55              
90           87800    40       135.194             
90           88000    40       136.804             
90           88200    40       133.932             
90           88400    40       137.074             
90           88600    40       135.14              
90           88800    40       135.52              
90           89000    40       136.424             
90           89200    40       136.69              
90           89400    40       135.761             
90           89600    40       133.195             
90           89800    40       135.097             
90           90000    40       135.624             
90           90200    40       137.203             
90           90400    40       135.387             
90           90600    40       138.315             
90           90800    40       136.272             
90           91000    40       138.021             
90           91200    40       134.474             
90           91400    40       134.27              
90           91600    40       135.99              
90           91800    40       135.31              
90           92000    40       136.766             
90           92200    40       130.614             
90           92400    40       131.807             
90           92600    40       134.658             
90           92800    40       131.973             
90           93000    40       136.458             
90           93200    40       135.845             
90           93400    40       135.47              
90           93600    40       134.967             
90           93800    40       135.368             
90           94000    40       138.732             
90           94200    40       131.169             
90           94400    40       135.364             
90           94600    40       136.75              
90           94800    40       137.719             
90           95000    40       133.132             
90           95200    40       137.749             
90           95400    40       139.111             
90           95600    40       137.864             
90           95800    40       134.781             
90           96000    40       137.017             
90           96200    40       135.385             
90           96400    40       131.67              
90           96600    40       136.815             
90           96800    40       137.695             
90           97000    40       138.313             
90           97200    40       134.397             
90           97400    40       135.663             
90           97600    40       138.003             
90           97800    40       133.293             
90           98000    40       135.243             
90           98200    40       137.298             
90           98400    40       139.366             
90           98600    40       139.113             
90           98800    40       135.749             
90           99000    40       137.171             
90           99200    40       138.267             
90           99400    40       136.641             
90           99600    40       134.059             
90           99800    40       135.428             
90           100000   40       130.908             
90           100200   40       136.516             
90           100400   40       135.937             
90           100600   40       131.125             
90           100800   40       134.845             
90           101000   40       135.145             
90           101200   40       133.581             
90           101400   40       135.88              
90           101600   40       137.624             
90           101800   40       134.255             
90           102000   40       138.14              
90           102200   40       135.707             
90           102400   40       136.167             
90           102600   40       137.078             
90           102800   40       129.823             
90           103000   40       137.719             
90           103200   40       134.016             
90           103400   40       135.864             
90           103600   40       134.881             
90           103800   40       136.063             
90           104000   40       137.192             
90           104200   40       131.864             
90           104400   40       133.338             
90           104600   40       137.959             
90           104800   40       133.247             
90           105000   40       132.889             
90           105200   40       134.733             
90           105400   40       136.649             
90           105600   40       137.274             
90           105800   40       137.714             
90           106000   40       134.723             
90           106200   40       131.171             
90           106400   40       137.101             
90           106600   40       135.814             
90           106800   40       132.944             
90           107000   40       136.601             
90           107200   40       137.081             
90           107400   40       128.673             
90           107600   40       135.454             
90           107800   40       134.176             
90           108000   40       137.052             
90           108200   40       135.042             
90           108400   40       136.711             
90           108600   40       136.217             
90           108800   40       134.446             
90           109000   40       136.142             
90           109200   40       134.969             
90           109400   40       132                 
90           109600   40       136.386             
90           109800   40       136.003             
90           110000   40       131.249             
90           110200   40       135.611             
90           110400   40       129.929             
90           110600   40       133.23              
90           110800   40       135.327             
90           111000   40       136.905             
90           111200   40       130.51              
90           111400   40       133.346             
90           111600   40       134.714             
90           111800   40       134.114             
90           112000   40       132.04              
90           112200   40       134.156             
90           112400   40       129.174             
90           112600   40       134.905             
90           112800   40       135.869             
90           113000   40       130.063             
90           113200   40       136.216             
90           113400   40       135.389             
90           113600   40       132.132             
90           113800   40       133.153             
90           114000   40       133.548             
90           114200   40       134.598             
90           114400   40       131.94              
90           114600   40       134.252             
90           114800   40       134.753             
90           115000   40       132.361             
90           115200   40       135.812             
90           115400   40       132.853             
90           115600   40       136.662             
90           115800   40       133.477             
90           116000   40       134.181             
90           116200   40       133.44              
90           116400   40       132.455             
90           116600   40       132.072             
90           116800   40       135.255             
90           117000   40       137.381             
90           117200   40       137.402             
90           117400   40       134.303             
90           117600   40       133.197             
90           117800   40       135.636             
90           118000   40       129.576             
90           118200   40       136.071             
90           118400   40       136.946             
90           118600   40       133.271             
90           118800   40       136.922             
90           119000   40       133.105             
90           119200   40       135.479             
90           119400   40       136.039             
90           119600   40       132.949             
90           119800   40       132.541             
90           120000   40       138.115             
