Az Dist Depth SEL
90           200      40       177.42              
90           400      40       172.968             
90           600      40       168.027             
90           800      40       163.942             
90           1000     40       161.352             
90           1200     40       158.466             
90           1400     40       155.985             
90           1600     40       154.992             
90           1800     40       151.72              
90           2000     40       152.151             
90           2200     40       150.22              
90           2400     40       149.256             
90           2600     40       148.027             
90           2800     40       147.543             
90           3000     40       147.774             
90           3200     40       146.451             
90           3400     40       146.479             
90           3600     40       148.065             
90           3800     40       147.037             
90           4000     40       143.789             
90           4200     40       146.151             
90           4400     40       145.856             
90           4600     40       144.968             
90           4800     40       146.445             
90           5000     40       145.778             
90           5200     40       143.655             
90           5400     40       143.601             
90           5600     40       146.118             
90           5800     40       146.946             
90           6000     40       146.851             
90           6200     40       147.233             
90           6400     40       147.936             
90           6600     40       148.582             
90           6800     40       148.017             
90           7000     40       147.849             
90           7200     40       146.745             
90           7400     40       145.545             
90           7600     40       144.603             
90           7800     40       143.964             
90           8000     40       146.427             
90           8200     40       148.665             
90           8400     40       149.001             
90           8600     40       148.176             
90           8800     40       148.268             
90           9000     40       146.255             
90           9200     40       145.915             
90           9400     40       146.348             
90           9600     40       148.672             
90           9800     40       148.83              
90           10000    40       147.412             
90           10200    40       147.581             
90           10400    40       145.19              
90           10600    40       143.377             
90           10800    40       145.408             
90           11000    40       145.697             
90           11200    40       146.262             
90           11400    40       145.653             
90           11600    40       147.074             
90           11800    40       147.542             
90           12000    40       148.407             
90           12200    40       148.283             
90           12400    40       147.796             
90           12600    40       147.236             
90           12800    40       147.598             
90           13000    40       148.455             
90           13200    40       147.452             
90           13400    40       147.606             
90           13600    40       148.822             
90           13800    40       148.746             
90           14000    40       145.205             
90           14200    40       146.68              
90           14400    40       144.723             
90           14600    40       143.191             
90           14800    40       143.991             
90           15000    40       141.162             
90           15200    40       141.04              
90           15400    40       141.848             
90           15600    40       142.622             
90           15800    40       140.958             
90           16000    40       144.235             
90           16200    40       147.678             
90           16400    40       146.36              
90           16600    40       142.834             
90           16800    40       146.933             
90           17000    40       147.56              
90           17200    40       149.193             
90           17400    40       147.433             
90           17600    40       146.712             
90           17800    40       145.241             
90           18000    40       143.663             
90           18200    40       145.604             
90           18400    40       144.422             
90           18600    40       145.351             
90           18800    40       143.377             
90           19000    40       144.161             
90           19200    40       143.592             
90           19400    40       144.811             
90           19600    40       143.713             
90           19800    40       145.262             
90           20000    40       142.339             
90           20200    40       140.151             
90           20400    40       139.893             
90           20600    40       143.059             
90           20800    40       143.281             
90           21000    40       144.384             
90           21200    40       144.553             
90           21400    40       143.127             
90           21600    40       140.217             
90           21800    40       142.308             
90           22000    40       143.573             
90           22200    40       142.72              
90           22400    40       142.763             
90           22600    40       145.49              
90           22800    40       144.432             
90           23000    40       146.469             
90           23200    40       146.368             
90           23400    40       143.128             
90           23600    40       143.866             
90           23800    40       142.591             
90           24000    40       139.185             
90           24200    40       142.362             
90           24400    40       145.823             
90           24600    40       139.119             
90           24800    40       145.482             
90           25000    40       143.142             
90           25200    40       145.358             
90           25400    40       144.088             
90           25600    40       141.438             
90           25800    40       144.983             
90           26000    40       140.9               
90           26200    40       145.341             
90           26400    40       142.052             
90           26600    40       144.118             
90           26800    40       142.071             
90           27000    40       144.607             
90           27200    40       142.114             
90           27400    40       141.375             
90           27600    40       141.799             
90           27800    40       140.753             
90           28000    40       142.06              
90           28200    40       143.491             
90           28400    40       141.844             
90           28600    40       144.16              
90           28800    40       140.221             
90           29000    40       143.292             
90           29200    40       140.503             
90           29400    40       142.376             
90           29600    40       140.373             
90           29800    40       138.844             
90           30000    40       142.529             
90           30200    40       138.599             
90           30400    40       143.266             
90           30600    40       139.617             
90           30800    40       140.994             
90           31000    40       141.98              
90           31200    40       139.705             
90           31400    40       143.486             
90           31600    40       138.878             
90           31800    40       143.009             
90           32000    40       139.959             
90           32200    40       142.969             
90           32400    40       138.326             
90           32600    40       143.676             
90           32800    40       142.667             
90           33000    40       144.675             
90           33200    40       140.331             
90           33400    40       144.039             
90           33600    40       144.416             
90           33800    40       143.66              
90           34000    40       140.86              
90           34200    40       142.006             
90           34400    40       138.647             
90           34600    40       140.304             
90           34800    40       144.015             
90           35000    40       142.058             
90           35200    40       143.817             
90           35400    40       142.845             
90           35600    40       142.831             
90           35800    40       144.378             
90           36000    40       138.368             
90           36200    40       144.098             
90           36400    40       140.046             
90           36600    40       138.116             
90           36800    40       142.996             
90           37000    40       138.868             
90           37200    40       141.468             
90           37400    40       140.338             
90           37600    40       141.716             
90           37800    40       136.407             
90           38000    40       143.039             
90           38200    40       137.772             
90           38400    40       139.625             
90           38600    40       141.517             
90           38800    40       141.555             
90           39000    40       138.033             
90           39200    40       140.709             
90           39400    40       142.592             
90           39600    40       139.393             
90           39800    40       140.833             
90           40000    40       141.82              
90           40200    40       136.537             
90           40400    40       140.685             
90           40600    40       140.673             
90           40800    40       137.012             
90           41000    40       139.329             
90           41200    40       137.545             
90           41400    40       142.665             
90           41600    40       134.918             
90           41800    40       142.209             
90           42000    40       137.789             
90           42200    40       142.031             
90           42400    40       136.528             
90           42600    40       140.393             
90           42800    40       141.611             
90           43000    40       141.283             
90           43200    40       141.868             
90           43400    40       137.168             
90           43600    40       142.053             
90           43800    40       138.686             
90           44000    40       140.004             
90           44200    40       140.876             
90           44400    40       141.74              
90           44600    40       138.709             
90           44800    40       139.492             
90           45000    40       141.456             
90           45200    40       141.833             
90           45400    40       140.511             
90           45600    40       138.082             
90           45800    40       135.686             
90           46000    40       141.775             
90           46200    40       137.534             
90           46400    40       136.015             
90           46600    40       140.54              
90           46800    40       140.977             
90           47000    40       138.261             
90           47200    40       139.959             
90           47400    40       142.267             
90           47600    40       136.633             
90           47800    40       139.866             
90           48000    40       142.328             
90           48200    40       136.965             
90           48400    40       143.52              
90           48600    40       138.353             
90           48800    40       140.686             
90           49000    40       138.516             
90           49200    40       136.74              
90           49400    40       140.35              
90           49600    40       142.563             
90           49800    40       138.741             
90           50000    40       137.542             
90           50200    40       144.828             
90           50400    40       135.807             
90           50600    40       142.094             
90           50800    40       139.811             
90           51000    40       140.837             
90           51200    40       136.849             
90           51400    40       145.108             
90           51600    40       135.431             
90           51800    40       139.405             
90           52000    40       140.338             
90           52200    40       141.401             
90           52400    40       140.955             
90           52600    40       139.251             
90           52800    40       140.274             
90           53000    40       136.337             
90           53200    40       140.404             
90           53400    40       140.708             
90           53600    40       135.193             
90           53800    40       141.015             
90           54000    40       139.121             
90           54200    40       138.693             
90           54400    40       135.293             
90           54600    40       135.417             
90           54800    40       136.424             
90           55000    40       140.261             
90           55200    40       142.144             
90           55400    40       136.594             
90           55600    40       137.191             
90           55800    40       133.406             
90           56000    40       141.598             
90           56200    40       135.619             
90           56400    40       136.696             
90           56600    40       133.765             
90           56800    40       136.678             
90           57000    40       140.052             
90           57200    40       135.315             
90           57400    40       140.697             
90           57600    40       134.776             
90           57800    40       140.943             
90           58000    40       134.654             
90           58200    40       138.362             
90           58400    40       136.928             
90           58600    40       132.823             
90           58800    40       141.189             
90           59000    40       136.333             
90           59200    40       140.428             
90           59400    40       135.887             
90           59600    40       136.774             
90           59800    40       136.858             
90           60000    40       134.236             
90           60200    40       139.51              
90           60400    40       135.263             
90           60600    40       135.22              
90           60800    40       137.993             
90           61000    40       139.102             
90           61200    40       135.236             
90           61400    40       137.923             
90           61600    40       138.74              
90           61800    40       137.857             
90           62000    40       136.344             
90           62200    40       137.812             
90           62400    40       135.269             
90           62600    40       138.707             
90           62800    40       139.896             
90           63000    40       138.155             
90           63200    40       136.424             
90           63400    40       139.339             
90           63600    40       140.565             
90           63800    40       138.291             
90           64000    40       138.59              
90           64200    40       134.509             
90           64400    40       139.71              
90           64600    40       139.796             
90           64800    40       139.285             
90           65000    40       136.952             
90           65200    40       136.367             
90           65400    40       142.215             
90           65600    40       137.589             
90           65800    40       138.484             
90           66000    40       139.651             
90           66200    40       141.268             
90           66400    40       141.113             
90           66600    40       137.801             
90           66800    40       143.242             
90           67000    40       138.563             
90           67200    40       138.625             
90           67400    40       136.55              
90           67600    40       138.703             
90           67800    40       141.89              
90           68000    40       136.02              
90           68200    40       136.782             
90           68400    40       138.589             
90           68600    40       144.38              
90           68800    40       137.53              
90           69000    40       137.327             
90           69200    40       139.321             
90           69400    40       140.622             
90           69600    40       140.087             
90           69800    40       137.654             
90           70000    40       141.266             
90           70200    40       132.645             
90           70400    40       139.357             
90           70600    40       139.431             
90           70800    40       138.106             
90           71000    40       140.079             
90           71200    40       138.074             
90           71400    40       138.105             
90           71600    40       136.972             
90           71800    40       136.327             
90           72000    40       140.111             
90           72200    40       133.031             
90           72400    40       133.305             
90           72600    40       136.638             
90           72800    40       137.308             
90           73000    40       134.912             
90           73200    40       140.585             
90           73400    40       139.317             
90           73600    40       136.005             
90           73800    40       135.175             
90           74000    40       135.189             
90           74200    40       133.774             
90           74400    40       138.107             
90           74600    40       133.092             
90           74800    40       138.928             
90           75000    40       135.331             
90           75200    40       137.203             
90           75400    40       134.622             
90           75600    40       135.37              
90           75800    40       133.483             
90           76000    40       136.995             
90           76200    40       135.301             
90           76400    40       135.926             
90           76600    40       138.181             
90           76800    40       132.329             
90           77000    40       135.613             
90           77200    40       138.54              
90           77400    40       133.492             
90           77600    40       132.986             
90           77800    40       138.061             
90           78000    40       135.282             
90           78200    40       136.619             
90           78400    40       137.341             
90           78600    40       137.682             
90           78800    40       137.928             
90           79000    40       138.088             
90           79200    40       135.274             
90           79400    40       133.134             
90           79600    40       137.902             
90           79800    40       135.846             
90           80000    40       135.919             
90           80200    40       134.177             
90           80400    40       134.536             
90           80600    40       136.1               
90           80800    40       137.825             
90           81000    40       137.174             
90           81200    40       136.533             
90           81400    40       136.012             
90           81600    40       139.76              
90           81800    40       139.338             
90           82000    40       134.685             
90           82200    40       137.9               
90           82400    40       135.62              
90           82600    40       136.234             
90           82800    40       136.867             
90           83000    40       138.728             
90           83200    40       135.798             
90           83400    40       132.698             
90           83600    40       136.156             
90           83800    40       138.986             
90           84000    40       137.155             
90           84200    40       135.021             
90           84400    40       140.291             
90           84600    40       136.884             
90           84800    40       135.512             
90           85000    40       134.611             
90           85200    40       137.935             
90           85400    40       136.307             
90           85600    40       135.189             
90           85800    40       135.094             
90           86000    40       137.12              
90           86200    40       137.666             
90           86400    40       139.678             
90           86600    40       136.95              
90           86800    40       134.362             
90           87000    40       134.246             
90           87200    40       138.298             
90           87400    40       134.647             
90           87600    40       133.582             
90           87800    40       135.238             
90           88000    40       140.186             
90           88200    40       136.501             
90           88400    40       134.601             
90           88600    40       132.557             
90           88800    40       133.698             
90           89000    40       137.203             
90           89200    40       134.962             
90           89400    40       139.869             
90           89600    40       135.836             
90           89800    40       140.086             
90           90000    40       134.86              
90           90200    40       136.073             
90           90400    40       137.848             
90           90600    40       140.105             
90           90800    40       132.381             
90           91000    40       136.1               
90           91200    40       138.327             
90           91400    40       138.31              
90           91600    40       135.929             
90           91800    40       136.875             
90           92000    40       134.11              
90           92200    40       134.954             
90           92400    40       137.068             
90           92600    40       136.685             
90           92800    40       134.291             
90           93000    40       136.99              
90           93200    40       133.565             
90           93400    40       141.9               
90           93600    40       138.613             
90           93800    40       134.459             
90           94000    40       136.432             
90           94200    40       135.39              
90           94400    40       137.704             
90           94600    40       136.24              
90           94800    40       137.08              
90           95000    40       135.706             
90           95200    40       133.555             
90           95400    40       137.299             
90           95600    40       136.575             
90           95800    40       136.676             
90           96000    40       138.619             
90           96200    40       136.039             
90           96400    40       136.776             
90           96600    40       138.334             
90           96800    40       135.418             
90           97000    40       134.893             
90           97200    40       137.402             
90           97400    40       136.539             
90           97600    40       135.62              
90           97800    40       137.77              
90           98000    40       136.919             
90           98200    40       139.471             
90           98400    40       136.783             
90           98600    40       133.384             
90           98800    40       134.667             
90           99000    40       138.678             
90           99200    40       135.413             
90           99400    40       133.409             
90           99600    40       135.473             
90           99800    40       133.838             
90           100000   40       139.282             
90           100200   40       134.465             
90           100400   40       129.804             
90           100600   40       133.651             
90           100800   40       132.393             
90           101000   40       134.306             
90           101200   40       132.301             
90           101400   40       136.706             
90           101600   40       134.975             
90           101800   40       137.138             
90           102000   40       134.641             
90           102200   40       135.216             
90           102400   40       138.62              
90           102600   40       136.107             
90           102800   40       136.661             
90           103000   40       139.988             
90           103200   40       128.917             
90           103400   40       134.831             
90           103600   40       134.593             
90           103800   40       135.86              
90           104000   40       137.043             
90           104200   40       135.761             
90           104400   40       133.392             
90           104600   40       134.769             
90           104800   40       132.625             
90           105000   40       134.963             
90           105200   40       136.678             
90           105400   40       137.474             
90           105600   40       135.34              
90           105800   40       136.668             
90           106000   40       135.174             
90           106200   40       135.841             
90           106400   40       132.583             
90           106600   40       134.848             
90           106800   40       135.763             
90           107000   40       131.838             
90           107200   40       136.689             
90           107400   40       137.191             
90           107600   40       136.25              
90           107800   40       138.364             
90           108000   40       136.8               
90           108200   40       133.162             
90           108400   40       131.77              
90           108600   40       134.522             
90           108800   40       136.285             
90           109000   40       135.53              
90           109200   40       132.949             
90           109400   40       133.369             
90           109600   40       135.705             
90           109800   40       135.8               
90           110000   40       135.68              
90           110200   40       132.834             
90           110400   40       137.854             
90           110600   40       136.209             
90           110800   40       134.97              
90           111000   40       138.038             
90           111200   40       133.183             
90           111400   40       130.988             
90           111600   40       136.202             
90           111800   40       133.597             
90           112000   40       134.387             
90           112200   40       135.228             
90           112400   40       135.43              
90           112600   40       132.108             
90           112800   40       136.753             
90           113000   40       132.52              
90           113200   40       141.15              
90           113400   40       129.324             
90           113600   40       131.051             
90           113800   40       132.124             
90           114000   40       131.301             
90           114200   40       135.537             
90           114400   40       137.701             
90           114600   40       133.591             
90           114800   40       131.266             
90           115000   40       134.496             
90           115200   40       136.739             
90           115400   40       132.329             
90           115600   40       131.472             
90           115800   40       136.835             
90           116000   40       135.065             
90           116200   40       134.647             
90           116400   40       133.054             
90           116600   40       136.457             
90           116800   40       132.325             
90           117000   40       133.056             
90           117200   40       133.456             
90           117400   40       134.486             
90           117600   40       131.513             
90           117800   40       135.794             
90           118000   40       136.491             
90           118200   40       135.99              
90           118400   40       131.595             
90           118600   40       136.429             
90           118800   40       133.243             
90           119000   40       130.212             
90           119200   40       132.252             
90           119400   40       132.851             
90           119600   40       138.22              
90           119800   40       134.195             
90           120000   40       134.166             
